// Re-issued Dreaming City Weapons


// Vouchsafe
//notes: PvE
dimwishlist:item=3242168339&perks=1840239774,106909392,247725512,3038247973
dimwishlist:item=3242168339&perks=1482024992,106909392,247725512,3038247973
dimwishlist:item=3242168339&perks=4090651448,106909392,247725512,3038247973
dimwishlist:item=3242168339&perks=1840239774,1087426260,247725512,3038247973
dimwishlist:item=3242168339&perks=1482024992,1087426260,247725512,3038247973
dimwishlist:item=3242168339&perks=4090651448,1087426260,247725512,3038247973
dimwishlist:item=3242168339&perks=1840239774,106909392,1354429876,3038247973
dimwishlist:item=3242168339&perks=1482024992,106909392,1354429876,3038247973
dimwishlist:item=3242168339&perks=4090651448,106909392,1354429876,3038247973
dimwishlist:item=3242168339&perks=1840239774,1087426260,1354429876,3038247973
dimwishlist:item=3242168339&perks=1482024992,1087426260,1354429876,3038247973
dimwishlist:item=3242168339&perks=4090651448,1087426260,1354429876,3038247973
dimwishlist:item=3242168339&perks=1840239774,106909392,1168162263,3038247973
dimwishlist:item=3242168339&perks=1482024992,106909392,1168162263,3038247973
dimwishlist:item=3242168339&perks=4090651448,106909392,1168162263,3038247973
dimwishlist:item=3242168339&perks=1840239774,1087426260,1168162263,3038247973
dimwishlist:item=3242168339&perks=1482024992,1087426260,1168162263,3038247973
dimwishlist:item=3242168339&perks=4090651448,1087426260,1168162263,3038247973
dimwishlist:item=3242168339&perks=1840239774,106909392,247725512,2848615171
dimwishlist:item=3242168339&perks=1482024992,106909392,247725512,2848615171
dimwishlist:item=3242168339&perks=4090651448,106909392,247725512,2848615171
dimwishlist:item=3242168339&perks=1840239774,1087426260,247725512,2848615171
dimwishlist:item=3242168339&perks=1482024992,1087426260,247725512,2848615171
dimwishlist:item=3242168339&perks=4090651448,1087426260,247725512,2848615171
dimwishlist:item=3242168339&perks=1840239774,106909392,1354429876,2848615171
dimwishlist:item=3242168339&perks=1482024992,106909392,1354429876,2848615171
dimwishlist:item=3242168339&perks=4090651448,106909392,1354429876,2848615171
dimwishlist:item=3242168339&perks=1840239774,1087426260,1354429876,2848615171
dimwishlist:item=3242168339&perks=1482024992,1087426260,1354429876,2848615171
dimwishlist:item=3242168339&perks=4090651448,1087426260,1354429876,2848615171
dimwishlist:item=3242168339&perks=1840239774,106909392,1168162263,2848615171
dimwishlist:item=3242168339&perks=1482024992,106909392,1168162263,2848615171
dimwishlist:item=3242168339&perks=4090651448,106909392,1168162263,2848615171
dimwishlist:item=3242168339&perks=1840239774,1087426260,1168162263,2848615171
dimwishlist:item=3242168339&perks=1482024992,1087426260,1168162263,2848615171
dimwishlist:item=3242168339&perks=4090651448,1087426260,1168162263,2848615171
dimwishlist:item=3242168339&perks=1840239774,106909392,247725512,2458213969
dimwishlist:item=3242168339&perks=1482024992,106909392,247725512,2458213969
dimwishlist:item=3242168339&perks=4090651448,106909392,247725512,2458213969
dimwishlist:item=3242168339&perks=1840239774,1087426260,247725512,2458213969
dimwishlist:item=3242168339&perks=1482024992,1087426260,247725512,2458213969
dimwishlist:item=3242168339&perks=4090651448,1087426260,247725512,2458213969
dimwishlist:item=3242168339&perks=1840239774,106909392,1354429876,2458213969
dimwishlist:item=3242168339&perks=1482024992,106909392,1354429876,2458213969
dimwishlist:item=3242168339&perks=4090651448,106909392,1354429876,2458213969
dimwishlist:item=3242168339&perks=1840239774,1087426260,1354429876,2458213969
dimwishlist:item=3242168339&perks=1482024992,1087426260,1354429876,2458213969
dimwishlist:item=3242168339&perks=4090651448,1087426260,1354429876,2458213969
dimwishlist:item=3242168339&perks=1840239774,106909392,1168162263,2458213969
dimwishlist:item=3242168339&perks=1482024992,106909392,1168162263,2458213969
dimwishlist:item=3242168339&perks=4090651448,106909392,1168162263,2458213969
dimwishlist:item=3242168339&perks=1840239774,1087426260,1168162263,2458213969
dimwishlist:item=3242168339&perks=1482024992,1087426260,1168162263,2458213969
dimwishlist:item=3242168339&perks=4090651448,1087426260,1168162263,2458213969
dimwishlist:item=3242168339&perks=2420895100,106909392,1354429876,3038247973
dimwishlist:item=3242168339&perks=2420895100,1087426260,1354429876,3038247973
dimwishlist:item=3242168339&perks=2420895100,106909392,1354429876,2848615171
dimwishlist:item=3242168339&perks=2420895100,1087426260,1354429876,2848615171
dimwishlist:item=3242168339&perks=2420895100,106909392,1354429876,2458213969
dimwishlist:item=3242168339&perks=2420895100,1087426260,1354429876,2458213969


