title: Iron Banner 2020 rolls


// The Time-Worn Spire
//notes: High-Level PvE / Champions
dimwishlist:item=3593598010&perks=2405638014,1087426260,1645158859,4049631843
dimwishlist:item=3593598010&perks=2405638015,1087426260,1645158859,4049631843
dimwishlist:item=3593598010&perks=13792278,1087426260,1645158859,4049631843
dimwishlist:item=3593598010&perks=13792279,1087426260,1645158859,4049631843
dimwishlist:item=3593598010&perks=2405638014,679225683,1645158859,4049631843
dimwishlist:item=3593598010&perks=2405638015,679225683,1645158859,4049631843
dimwishlist:item=3593598010&perks=13792278,679225683,1645158859,4049631843
dimwishlist:item=3593598010&perks=13792279,679225683,1645158859,4049631843
dimwishlist:item=3593598010&perks=2405638014,3230963543,1645158859,4049631843
dimwishlist:item=3593598010&perks=2405638015,3230963543,1645158859,4049631843
dimwishlist:item=3593598010&perks=13792278,3230963543,1645158859,4049631843
dimwishlist:item=3593598010&perks=13792279,3230963543,1645158859,4049631843
dimwishlist:item=3593598010&perks=2405638014,1885400500,1645158859,4049631843
dimwishlist:item=3593598010&perks=2405638015,1885400500,1645158859,4049631843
dimwishlist:item=3593598010&perks=13792278,1885400500,1645158859,4049631843
dimwishlist:item=3593598010&perks=13792279,1885400500,1645158859,4049631843
dimwishlist:item=3593598010&perks=2405638014,1087426260,706527188,4049631843
dimwishlist:item=3593598010&perks=2405638015,1087426260,706527188,4049631843
dimwishlist:item=3593598010&perks=13792278,1087426260,706527188,4049631843
dimwishlist:item=3593598010&perks=13792279,1087426260,706527188,4049631843
dimwishlist:item=3593598010&perks=2405638014,679225683,706527188,4049631843
dimwishlist:item=3593598010&perks=2405638015,679225683,706527188,4049631843
dimwishlist:item=3593598010&perks=13792278,679225683,706527188,4049631843
dimwishlist:item=3593598010&perks=13792279,679225683,706527188,4049631843
dimwishlist:item=3593598010&perks=2405638014,3230963543,706527188,4049631843
dimwishlist:item=3593598010&perks=2405638015,3230963543,706527188,4049631843
dimwishlist:item=3593598010&perks=13792278,3230963543,706527188,4049631843
dimwishlist:item=3593598010&perks=13792279,3230963543,706527188,4049631843
dimwishlist:item=3593598010&perks=2405638014,1885400500,706527188,4049631843
dimwishlist:item=3593598010&perks=2405638015,1885400500,706527188,4049631843
dimwishlist:item=3593598010&perks=13792278,1885400500,706527188,4049631843
dimwishlist:item=3593598010&perks=13792279,1885400500,706527188,4049631843
dimwishlist:item=3593598010&perks=2405638014,1087426260,1645158859,1546637391
dimwishlist:item=3593598010&perks=2405638015,1087426260,1645158859,1546637391
dimwishlist:item=3593598010&perks=13792278,1087426260,1645158859,1546637391
dimwishlist:item=3593598010&perks=13792279,1087426260,1645158859,1546637391
dimwishlist:item=3593598010&perks=2405638014,679225683,1645158859,1546637391
dimwishlist:item=3593598010&perks=2405638015,679225683,1645158859,1546637391
dimwishlist:item=3593598010&perks=13792278,679225683,1645158859,1546637391
dimwishlist:item=3593598010&perks=13792279,679225683,1645158859,1546637391
dimwishlist:item=3593598010&perks=2405638014,3230963543,1645158859,1546637391
dimwishlist:item=3593598010&perks=2405638015,3230963543,1645158859,1546637391
dimwishlist:item=3593598010&perks=13792278,3230963543,1645158859,1546637391
dimwishlist:item=3593598010&perks=13792279,3230963543,1645158859,1546637391
dimwishlist:item=3593598010&perks=2405638014,1885400500,1645158859,1546637391
dimwishlist:item=3593598010&perks=2405638015,1885400500,1645158859,1546637391
dimwishlist:item=3593598010&perks=13792278,1885400500,1645158859,1546637391
dimwishlist:item=3593598010&perks=13792279,1885400500,1645158859,1546637391
dimwishlist:item=3593598010&perks=2405638014,1087426260,706527188,1546637391
dimwishlist:item=3593598010&perks=2405638015,1087426260,706527188,1546637391
dimwishlist:item=3593598010&perks=13792278,1087426260,706527188,1546637391
dimwishlist:item=3593598010&perks=13792279,1087426260,706527188,1546637391
dimwishlist:item=3593598010&perks=2405638014,679225683,706527188,1546637391
dimwishlist:item=3593598010&perks=2405638015,679225683,706527188,1546637391
dimwishlist:item=3593598010&perks=13792278,679225683,706527188,1546637391
dimwishlist:item=3593598010&perks=13792279,679225683,706527188,1546637391
dimwishlist:item=3593598010&perks=2405638014,3230963543,706527188,1546637391
dimwishlist:item=3593598010&perks=2405638015,3230963543,706527188,1546637391
dimwishlist:item=3593598010&perks=13792278,3230963543,706527188,1546637391
dimwishlist:item=3593598010&perks=13792279,3230963543,706527188,1546637391
dimwishlist:item=3593598010&perks=2405638014,1885400500,706527188,1546637391
dimwishlist:item=3593598010&perks=2405638015,1885400500,706527188,1546637391
dimwishlist:item=3593598010&perks=13792278,1885400500,706527188,1546637391
dimwishlist:item=3593598010&perks=13792279,1885400500,706527188,1546637391


// The Time-Worn Spire
//notes: Low-Level PvE
dimwishlist:item=3593598010&perks=2405638014,1087426260,2779035018,3425386926
dimwishlist:item=3593598010&perks=2405638015,1087426260,2779035018,3425386926
dimwishlist:item=3593598010&perks=13792278,1087426260,2779035018,3425386926
dimwishlist:item=3593598010&perks=13792279,1087426260,2779035018,3425386926
dimwishlist:item=3593598010&perks=2405638014,2420895100,2779035018,3425386926
dimwishlist:item=3593598010&perks=2405638015,2420895100,2779035018,3425386926
dimwishlist:item=3593598010&perks=13792278,2420895100,2779035018,3425386926
dimwishlist:item=3593598010&perks=13792279,2420895100,2779035018,3425386926
dimwishlist:item=3593598010&perks=2405638014,1087426260,1820235745,3425386926
dimwishlist:item=3593598010&perks=2405638015,1087426260,1820235745,3425386926
dimwishlist:item=3593598010&perks=13792278,1087426260,1820235745,3425386926
dimwishlist:item=3593598010&perks=13792279,1087426260,1820235745,3425386926
dimwishlist:item=3593598010&perks=2405638014,2420895100,1820235745,3425386926
dimwishlist:item=3593598010&perks=2405638015,2420895100,1820235745,3425386926
dimwishlist:item=3593598010&perks=13792278,2420895100,1820235745,3425386926
dimwishlist:item=3593598010&perks=13792279,2420895100,1820235745,3425386926
dimwishlist:item=3593598010&perks=2405638014,1087426260,2779035018,4049631843
dimwishlist:item=3593598010&perks=2405638015,1087426260,2779035018,4049631843
dimwishlist:item=3593598010&perks=13792278,1087426260,2779035018,4049631843
dimwishlist:item=3593598010&perks=13792279,1087426260,2779035018,4049631843
dimwishlist:item=3593598010&perks=2405638014,2420895100,2779035018,4049631843
dimwishlist:item=3593598010&perks=2405638015,2420895100,2779035018,4049631843
dimwishlist:item=3593598010&perks=13792278,2420895100,2779035018,4049631843
dimwishlist:item=3593598010&perks=13792279,2420895100,2779035018,4049631843
dimwishlist:item=3593598010&perks=2405638014,1087426260,1820235745,4049631843
dimwishlist:item=3593598010&perks=2405638015,1087426260,1820235745,4049631843
dimwishlist:item=3593598010&perks=13792278,1087426260,1820235745,4049631843
dimwishlist:item=3593598010&perks=13792279,1087426260,1820235745,4049631843
dimwishlist:item=3593598010&perks=2405638014,2420895100,1820235745,4049631843
dimwishlist:item=3593598010&perks=2405638015,2420895100,1820235745,4049631843
dimwishlist:item=3593598010&perks=13792278,2420895100,1820235745,4049631843
dimwishlist:item=3593598010&perks=13792279,2420895100,1820235745,4049631843


// The Time-Worn Spire
//notes: PvP
dimwishlist:item=3593598010&perks=2405638014,1885400500,588594999,3425386926
dimwishlist:item=3593598010&perks=2405638015,1885400500,588594999,3425386926
dimwishlist:item=3593598010&perks=2405638014,1561002382,588594999,3425386926
dimwishlist:item=3593598010&perks=2405638015,1561002382,588594999,3425386926
dimwishlist:item=3593598010&perks=2405638014,1968497646,588594999,3425386926
dimwishlist:item=3593598010&perks=2405638015,1968497646,588594999,3425386926
dimwishlist:item=3593598010&perks=2405638014,1885400500,706527188,3425386926
dimwishlist:item=3593598010&perks=2405638015,1885400500,706527188,3425386926
dimwishlist:item=3593598010&perks=2405638014,1561002382,706527188,3425386926
dimwishlist:item=3593598010&perks=2405638015,1561002382,706527188,3425386926
dimwishlist:item=3593598010&perks=2405638014,1968497646,706527188,3425386926
dimwishlist:item=3593598010&perks=2405638015,1968497646,706527188,3425386926
dimwishlist:item=3593598010&perks=2405638014,1885400500,588594999,11551321
dimwishlist:item=3593598010&perks=2405638015,1885400500,588594999,11551321
dimwishlist:item=3593598010&perks=2405638014,1561002382,588594999,11551321
dimwishlist:item=3593598010&perks=2405638015,1561002382,588594999,11551321
dimwishlist:item=3593598010&perks=2405638014,1968497646,588594999,11551321
dimwishlist:item=3593598010&perks=2405638015,1968497646,588594999,11551321
dimwishlist:item=3593598010&perks=2405638014,1885400500,706527188,11551321
dimwishlist:item=3593598010&perks=2405638015,1885400500,706527188,11551321
dimwishlist:item=3593598010&perks=2405638014,1561002382,706527188,11551321
dimwishlist:item=3593598010&perks=2405638015,1561002382,706527188,11551321
dimwishlist:item=3593598010&perks=2405638014,1968497646,706527188,11551321
dimwishlist:item=3593598010&perks=2405638015,1968497646,706527188,11551321


// Multimach CCX
//notes: High-Level PvE
dimwishlist:item=3717177717&perks=663495155,3142289711,2450788523,4049631843
dimwishlist:item=3717177717&perks=663495154,3142289711,2450788523,4049631843
dimwishlist:item=3717177717&perks=2209280307,3142289711,2450788523,4049631843
dimwishlist:item=3717177717&perks=663495155,1087426260,2450788523,4049631843
dimwishlist:item=3717177717&perks=663495154,1087426260,2450788523,4049631843
dimwishlist:item=3717177717&perks=2209280307,1087426260,2450788523,4049631843
dimwishlist:item=3717177717&perks=663495155,106909392,2450788523,4049631843
dimwishlist:item=3717177717&perks=663495154,106909392,2450788523,4049631843
dimwishlist:item=3717177717&perks=2209280307,106909392,2450788523,4049631843
dimwishlist:item=3717177717&perks=663495155,3142289711,1359896290,4049631843
dimwishlist:item=3717177717&perks=663495154,3142289711,1359896290,4049631843
dimwishlist:item=3717177717&perks=2209280307,3142289711,1359896290,4049631843
dimwishlist:item=3717177717&perks=663495155,1087426260,1359896290,4049631843
dimwishlist:item=3717177717&perks=663495154,1087426260,1359896290,4049631843
dimwishlist:item=3717177717&perks=2209280307,1087426260,1359896290,4049631843
dimwishlist:item=3717177717&perks=663495155,106909392,1359896290,4049631843
dimwishlist:item=3717177717&perks=663495154,106909392,1359896290,4049631843
dimwishlist:item=3717177717&perks=2209280307,106909392,1359896290,4049631843
dimwishlist:item=3717177717&perks=663495155,3142289711,4071163871,4049631843
dimwishlist:item=3717177717&perks=663495154,3142289711,4071163871,4049631843
dimwishlist:item=3717177717&perks=2209280307,3142289711,4071163871,4049631843
dimwishlist:item=3717177717&perks=663495155,1087426260,4071163871,4049631843
dimwishlist:item=3717177717&perks=663495154,1087426260,4071163871,4049631843
dimwishlist:item=3717177717&perks=2209280307,1087426260,4071163871,4049631843
dimwishlist:item=3717177717&perks=663495155,106909392,4071163871,4049631843
dimwishlist:item=3717177717&perks=663495154,106909392,4071163871,4049631843
dimwishlist:item=3717177717&perks=2209280307,106909392,4071163871,4049631843
dimwishlist:item=3717177717&perks=663495155,3142289711,2450788523,591790007
dimwishlist:item=3717177717&perks=663495154,3142289711,2450788523,591790007
dimwishlist:item=3717177717&perks=2209280307,3142289711,2450788523,591790007
dimwishlist:item=3717177717&perks=663495155,1087426260,2450788523,591790007
dimwishlist:item=3717177717&perks=663495154,1087426260,2450788523,591790007
dimwishlist:item=3717177717&perks=2209280307,1087426260,2450788523,591790007
dimwishlist:item=3717177717&perks=663495155,106909392,2450788523,591790007
dimwishlist:item=3717177717&perks=663495154,106909392,2450788523,591790007
dimwishlist:item=3717177717&perks=2209280307,106909392,2450788523,591790007
dimwishlist:item=3717177717&perks=663495155,3142289711,1359896290,591790007
dimwishlist:item=3717177717&perks=663495154,3142289711,1359896290,591790007
dimwishlist:item=3717177717&perks=2209280307,3142289711,1359896290,591790007
dimwishlist:item=3717177717&perks=663495155,1087426260,1359896290,591790007
dimwishlist:item=3717177717&perks=663495154,1087426260,1359896290,591790007
dimwishlist:item=3717177717&perks=2209280307,1087426260,1359896290,591790007
dimwishlist:item=3717177717&perks=663495155,106909392,1359896290,591790007
dimwishlist:item=3717177717&perks=663495154,106909392,1359896290,591790007
dimwishlist:item=3717177717&perks=2209280307,106909392,1359896290,591790007
dimwishlist:item=3717177717&perks=663495155,3142289711,4071163871,591790007
dimwishlist:item=3717177717&perks=663495154,3142289711,4071163871,591790007
dimwishlist:item=3717177717&perks=2209280307,3142289711,4071163871,591790007
dimwishlist:item=3717177717&perks=663495155,1087426260,4071163871,591790007
dimwishlist:item=3717177717&perks=663495154,1087426260,4071163871,591790007
dimwishlist:item=3717177717&perks=2209280307,1087426260,4071163871,591790007
dimwishlist:item=3717177717&perks=663495155,106909392,4071163871,591790007
dimwishlist:item=3717177717&perks=663495154,106909392,4071163871,591790007
dimwishlist:item=3717177717&perks=2209280307,106909392,4071163871,591790007


// Multimach CCX
//notes: General PvE
dimwishlist:item=3717177717&perks=663495155,1087426260,2450788523,1015611457
dimwishlist:item=3717177717&perks=2209280307,1087426260,2450788523,1015611457
dimwishlist:item=3717177717&perks=2209280306,1087426260,2450788523,1015611457
dimwishlist:item=3717177717&perks=663495155,106909392,2450788523,1015611457
dimwishlist:item=3717177717&perks=2209280307,106909392,2450788523,1015611457
dimwishlist:item=3717177717&perks=2209280306,106909392,2450788523,1015611457
dimwishlist:item=3717177717&perks=663495155,2420895100,2450788523,1015611457
dimwishlist:item=3717177717&perks=2209280307,2420895100,2450788523,1015611457
dimwishlist:item=3717177717&perks=2209280306,2420895100,2450788523,1015611457
dimwishlist:item=3717177717&perks=663495155,1087426260,4071163871,1015611457
dimwishlist:item=3717177717&perks=2209280307,1087426260,4071163871,1015611457
dimwishlist:item=3717177717&perks=2209280306,1087426260,4071163871,1015611457
dimwishlist:item=3717177717&perks=663495155,106909392,4071163871,1015611457
dimwishlist:item=3717177717&perks=2209280307,106909392,4071163871,1015611457
dimwishlist:item=3717177717&perks=2209280306,106909392,4071163871,1015611457
dimwishlist:item=3717177717&perks=663495155,2420895100,4071163871,1015611457
dimwishlist:item=3717177717&perks=2209280307,2420895100,4071163871,1015611457
dimwishlist:item=3717177717&perks=2209280306,2420895100,4071163871,1015611457
dimwishlist:item=3717177717&perks=663495155,1087426260,1820235745,1015611457
dimwishlist:item=3717177717&perks=2209280307,1087426260,1820235745,1015611457
dimwishlist:item=3717177717&perks=2209280306,1087426260,1820235745,1015611457
dimwishlist:item=3717177717&perks=663495155,106909392,1820235745,1015611457
dimwishlist:item=3717177717&perks=2209280307,106909392,1820235745,1015611457
dimwishlist:item=3717177717&perks=2209280306,106909392,1820235745,1015611457
dimwishlist:item=3717177717&perks=663495155,2420895100,1820235745,1015611457
dimwishlist:item=3717177717&perks=2209280307,2420895100,1820235745,1015611457
dimwishlist:item=3717177717&perks=2209280306,2420895100,1820235745,1015611457
dimwishlist:item=3717177717&perks=663495155,1087426260,2450788523,4049631843
dimwishlist:item=3717177717&perks=2209280307,1087426260,2450788523,4049631843
dimwishlist:item=3717177717&perks=2209280306,1087426260,2450788523,4049631843
dimwishlist:item=3717177717&perks=663495155,106909392,2450788523,4049631843
dimwishlist:item=3717177717&perks=2209280307,106909392,2450788523,4049631843
dimwishlist:item=3717177717&perks=2209280306,106909392,2450788523,4049631843
dimwishlist:item=3717177717&perks=663495155,2420895100,2450788523,4049631843
dimwishlist:item=3717177717&perks=2209280307,2420895100,2450788523,4049631843
dimwishlist:item=3717177717&perks=2209280306,2420895100,2450788523,4049631843
dimwishlist:item=3717177717&perks=663495155,1087426260,4071163871,4049631843
dimwishlist:item=3717177717&perks=2209280307,1087426260,4071163871,4049631843
dimwishlist:item=3717177717&perks=2209280306,1087426260,4071163871,4049631843
dimwishlist:item=3717177717&perks=663495155,106909392,4071163871,4049631843
dimwishlist:item=3717177717&perks=2209280307,106909392,4071163871,4049631843
dimwishlist:item=3717177717&perks=2209280306,106909392,4071163871,4049631843
dimwishlist:item=3717177717&perks=663495155,2420895100,4071163871,4049631843
dimwishlist:item=3717177717&perks=2209280307,2420895100,4071163871,4049631843
dimwishlist:item=3717177717&perks=2209280306,2420895100,4071163871,4049631843
dimwishlist:item=3717177717&perks=663495155,1087426260,1820235745,4049631843
dimwishlist:item=3717177717&perks=2209280307,1087426260,1820235745,4049631843
dimwishlist:item=3717177717&perks=2209280306,1087426260,1820235745,4049631843
dimwishlist:item=3717177717&perks=663495155,106909392,1820235745,4049631843
dimwishlist:item=3717177717&perks=2209280307,106909392,1820235745,4049631843
dimwishlist:item=3717177717&perks=2209280306,106909392,1820235745,4049631843
dimwishlist:item=3717177717&perks=663495155,2420895100,1820235745,4049631843
dimwishlist:item=3717177717&perks=2209280307,2420895100,1820235745,4049631843
dimwishlist:item=3717177717&perks=2209280306,2420895100,1820235745,4049631843


// Multimach CCX
//notes: PvP
dimwishlist:item=3717177717&perks=663495155,1087426260,2450788523,1015611457
dimwishlist:item=3717177717&perks=663495154,1087426260,2450788523,1015611457
dimwishlist:item=3717177717&perks=663495155,106909392,2450788523,1015611457
dimwishlist:item=3717177717&perks=663495154,106909392,2450788523,1015611457
dimwishlist:item=3717177717&perks=663495155,3142289711,2450788523,1015611457
dimwishlist:item=3717177717&perks=663495154,3142289711,2450788523,1015611457
dimwishlist:item=3717177717&perks=663495155,3177308360,2450788523,1015611457
dimwishlist:item=3717177717&perks=663495154,3177308360,2450788523,1015611457
dimwishlist:item=3717177717&perks=663495155,1087426260,706527188,1015611457
dimwishlist:item=3717177717&perks=663495154,1087426260,706527188,1015611457
dimwishlist:item=3717177717&perks=663495155,106909392,706527188,1015611457
dimwishlist:item=3717177717&perks=663495154,106909392,706527188,1015611457
dimwishlist:item=3717177717&perks=663495155,3142289711,706527188,1015611457
dimwishlist:item=3717177717&perks=663495154,3142289711,706527188,1015611457
dimwishlist:item=3717177717&perks=663495155,3177308360,706527188,1015611457
dimwishlist:item=3717177717&perks=663495154,3177308360,706527188,1015611457
dimwishlist:item=3717177717&perks=663495155,1087426260,1359896290,1015611457
dimwishlist:item=3717177717&perks=663495154,1087426260,1359896290,1015611457
dimwishlist:item=3717177717&perks=663495155,106909392,1359896290,1015611457
dimwishlist:item=3717177717&perks=663495154,106909392,1359896290,1015611457
dimwishlist:item=3717177717&perks=663495155,3142289711,1359896290,1015611457
dimwishlist:item=3717177717&perks=663495154,3142289711,1359896290,1015611457
dimwishlist:item=3717177717&perks=663495155,3177308360,1359896290,1015611457
dimwishlist:item=3717177717&perks=663495154,3177308360,1359896290,1015611457
dimwishlist:item=3717177717&perks=663495155,1087426260,2450788523,11551321
dimwishlist:item=3717177717&perks=663495154,1087426260,2450788523,11551321
dimwishlist:item=3717177717&perks=663495155,106909392,2450788523,11551321
dimwishlist:item=3717177717&perks=663495154,106909392,2450788523,11551321
dimwishlist:item=3717177717&perks=663495155,3142289711,2450788523,11551321
dimwishlist:item=3717177717&perks=663495154,3142289711,2450788523,11551321
dimwishlist:item=3717177717&perks=663495155,3177308360,2450788523,11551321
dimwishlist:item=3717177717&perks=663495154,3177308360,2450788523,11551321
dimwishlist:item=3717177717&perks=663495155,1087426260,706527188,11551321
dimwishlist:item=3717177717&perks=663495154,1087426260,706527188,11551321
dimwishlist:item=3717177717&perks=663495155,106909392,706527188,11551321
dimwishlist:item=3717177717&perks=663495154,106909392,706527188,11551321
dimwishlist:item=3717177717&perks=663495155,3142289711,706527188,11551321
dimwishlist:item=3717177717&perks=663495154,3142289711,706527188,11551321
dimwishlist:item=3717177717&perks=663495155,3177308360,706527188,11551321
dimwishlist:item=3717177717&perks=663495154,3177308360,706527188,11551321
dimwishlist:item=3717177717&perks=663495155,1087426260,1359896290,11551321
dimwishlist:item=3717177717&perks=663495154,1087426260,1359896290,11551321
dimwishlist:item=3717177717&perks=663495155,106909392,1359896290,11551321
dimwishlist:item=3717177717&perks=663495154,106909392,1359896290,11551321
dimwishlist:item=3717177717&perks=663495155,3142289711,1359896290,11551321
dimwishlist:item=3717177717&perks=663495154,3142289711,1359896290,11551321
dimwishlist:item=3717177717&perks=663495155,3177308360,1359896290,11551321
dimwishlist:item=3717177717&perks=663495154,3177308360,1359896290,11551321


// The Steady Hand
//notes: PvE
dimwishlist:item=2220884262&perks=1926090092,679225683,706527188,4082225868
dimwishlist:item=2220884262&perks=1926090095,679225683,706527188,4082225868
dimwishlist:item=2220884262&perks=1926090094,679225683,706527188,4082225868
dimwishlist:item=2220884262&perks=1926090092,1561002382,706527188,4082225868
dimwishlist:item=2220884262&perks=1926090095,1561002382,706527188,4082225868
dimwishlist:item=2220884262&perks=1926090094,1561002382,706527188,4082225868
dimwishlist:item=2220884262&perks=1926090092,3230963543,706527188,4082225868
dimwishlist:item=2220884262&perks=1926090095,3230963543,706527188,4082225868
dimwishlist:item=2220884262&perks=1926090094,3230963543,706527188,4082225868
dimwishlist:item=2220884262&perks=1926090092,1087426260,706527188,4082225868
dimwishlist:item=2220884262&perks=1926090095,1087426260,706527188,4082225868
dimwishlist:item=2220884262&perks=1926090094,1087426260,706527188,4082225868
dimwishlist:item=2220884262&perks=1926090092,679225683,1168162263,4082225868
dimwishlist:item=2220884262&perks=1926090095,679225683,1168162263,4082225868
dimwishlist:item=2220884262&perks=1926090094,679225683,1168162263,4082225868
dimwishlist:item=2220884262&perks=1926090092,1561002382,1168162263,4082225868
dimwishlist:item=2220884262&perks=1926090095,1561002382,1168162263,4082225868
dimwishlist:item=2220884262&perks=1926090094,1561002382,1168162263,4082225868
dimwishlist:item=2220884262&perks=1926090092,3230963543,1168162263,4082225868
dimwishlist:item=2220884262&perks=1926090095,3230963543,1168162263,4082225868
dimwishlist:item=2220884262&perks=1926090094,3230963543,1168162263,4082225868
dimwishlist:item=2220884262&perks=1926090092,1087426260,1168162263,4082225868
dimwishlist:item=2220884262&perks=1926090095,1087426260,1168162263,4082225868
dimwishlist:item=2220884262&perks=1926090094,1087426260,1168162263,4082225868
dimwishlist:item=2220884262&perks=1926090092,679225683,3161816588,4082225868
dimwishlist:item=2220884262&perks=1926090095,679225683,3161816588,4082225868
dimwishlist:item=2220884262&perks=1926090094,679225683,3161816588,4082225868
dimwishlist:item=2220884262&perks=1926090092,1561002382,3161816588,4082225868
dimwishlist:item=2220884262&perks=1926090095,1561002382,3161816588,4082225868
dimwishlist:item=2220884262&perks=1926090094,1561002382,3161816588,4082225868
dimwishlist:item=2220884262&perks=1926090092,3230963543,3161816588,4082225868
dimwishlist:item=2220884262&perks=1926090095,3230963543,3161816588,4082225868
dimwishlist:item=2220884262&perks=1926090094,3230963543,3161816588,4082225868
dimwishlist:item=2220884262&perks=1926090092,1087426260,3161816588,4082225868
dimwishlist:item=2220884262&perks=1926090095,1087426260,3161816588,4082225868
dimwishlist:item=2220884262&perks=1926090094,1087426260,3161816588,4082225868
dimwishlist:item=2220884262&perks=1926090092,679225683,3124871000,4082225868
dimwishlist:item=2220884262&perks=1926090095,679225683,3124871000,4082225868
dimwishlist:item=2220884262&perks=1926090094,679225683,3124871000,4082225868
dimwishlist:item=2220884262&perks=1926090092,1561002382,3124871000,4082225868
dimwishlist:item=2220884262&perks=1926090095,1561002382,3124871000,4082225868
dimwishlist:item=2220884262&perks=1926090094,1561002382,3124871000,4082225868
dimwishlist:item=2220884262&perks=1926090092,3230963543,3124871000,4082225868
dimwishlist:item=2220884262&perks=1926090095,3230963543,3124871000,4082225868
dimwishlist:item=2220884262&perks=1926090094,3230963543,3124871000,4082225868
dimwishlist:item=2220884262&perks=1926090092,1087426260,3124871000,4082225868
dimwishlist:item=2220884262&perks=1926090095,1087426260,3124871000,4082225868
dimwishlist:item=2220884262&perks=1926090094,1087426260,3124871000,4082225868
dimwishlist:item=2220884262&perks=1926090092,679225683,706527188,3592538738
dimwishlist:item=2220884262&perks=1926090095,679225683,706527188,3592538738
dimwishlist:item=2220884262&perks=1926090094,679225683,706527188,3592538738
dimwishlist:item=2220884262&perks=1926090092,1561002382,706527188,3592538738
dimwishlist:item=2220884262&perks=1926090095,1561002382,706527188,3592538738
dimwishlist:item=2220884262&perks=1926090094,1561002382,706527188,3592538738
dimwishlist:item=2220884262&perks=1926090092,3230963543,706527188,3592538738
dimwishlist:item=2220884262&perks=1926090095,3230963543,706527188,3592538738
dimwishlist:item=2220884262&perks=1926090094,3230963543,706527188,3592538738
dimwishlist:item=2220884262&perks=1926090092,1087426260,706527188,3592538738
dimwishlist:item=2220884262&perks=1926090095,1087426260,706527188,3592538738
dimwishlist:item=2220884262&perks=1926090094,1087426260,706527188,3592538738
dimwishlist:item=2220884262&perks=1926090092,679225683,1168162263,3592538738
dimwishlist:item=2220884262&perks=1926090095,679225683,1168162263,3592538738
dimwishlist:item=2220884262&perks=1926090094,679225683,1168162263,3592538738
dimwishlist:item=2220884262&perks=1926090092,1561002382,1168162263,3592538738
dimwishlist:item=2220884262&perks=1926090095,1561002382,1168162263,3592538738
dimwishlist:item=2220884262&perks=1926090094,1561002382,1168162263,3592538738
dimwishlist:item=2220884262&perks=1926090092,3230963543,1168162263,3592538738
dimwishlist:item=2220884262&perks=1926090095,3230963543,1168162263,3592538738
dimwishlist:item=2220884262&perks=1926090094,3230963543,1168162263,3592538738
dimwishlist:item=2220884262&perks=1926090092,1087426260,1168162263,3592538738
dimwishlist:item=2220884262&perks=1926090095,1087426260,1168162263,3592538738
dimwishlist:item=2220884262&perks=1926090094,1087426260,1168162263,3592538738
dimwishlist:item=2220884262&perks=1926090092,679225683,3161816588,3592538738
dimwishlist:item=2220884262&perks=1926090095,679225683,3161816588,3592538738
dimwishlist:item=2220884262&perks=1926090094,679225683,3161816588,3592538738
dimwishlist:item=2220884262&perks=1926090092,1561002382,3161816588,3592538738
dimwishlist:item=2220884262&perks=1926090095,1561002382,3161816588,3592538738
dimwishlist:item=2220884262&perks=1926090094,1561002382,3161816588,3592538738
dimwishlist:item=2220884262&perks=1926090092,3230963543,3161816588,3592538738
dimwishlist:item=2220884262&perks=1926090095,3230963543,3161816588,3592538738
dimwishlist:item=2220884262&perks=1926090094,3230963543,3161816588,3592538738
dimwishlist:item=2220884262&perks=1926090092,1087426260,3161816588,3592538738
dimwishlist:item=2220884262&perks=1926090095,1087426260,3161816588,3592538738
dimwishlist:item=2220884262&perks=1926090094,1087426260,3161816588,3592538738
dimwishlist:item=2220884262&perks=1926090092,679225683,3124871000,3592538738
dimwishlist:item=2220884262&perks=1926090095,679225683,3124871000,3592538738
dimwishlist:item=2220884262&perks=1926090094,679225683,3124871000,3592538738
dimwishlist:item=2220884262&perks=1926090092,1561002382,3124871000,3592538738
dimwishlist:item=2220884262&perks=1926090095,1561002382,3124871000,3592538738
dimwishlist:item=2220884262&perks=1926090094,1561002382,3124871000,3592538738
dimwishlist:item=2220884262&perks=1926090092,3230963543,3124871000,3592538738
dimwishlist:item=2220884262&perks=1926090095,3230963543,3124871000,3592538738
dimwishlist:item=2220884262&perks=1926090094,3230963543,3124871000,3592538738
dimwishlist:item=2220884262&perks=1926090092,1087426260,3124871000,3592538738
dimwishlist:item=2220884262&perks=1926090095,1087426260,3124871000,3592538738
dimwishlist:item=2220884262&perks=1926090094,1087426260,3124871000,3592538738
dimwishlist:item=2220884262&perks=1926090092,679225683,706527188,4152709778
dimwishlist:item=2220884262&perks=1926090095,679225683,706527188,4152709778
dimwishlist:item=2220884262&perks=1926090094,679225683,706527188,4152709778
dimwishlist:item=2220884262&perks=1926090092,1561002382,706527188,4152709778
dimwishlist:item=2220884262&perks=1926090095,1561002382,706527188,4152709778
dimwishlist:item=2220884262&perks=1926090094,1561002382,706527188,4152709778
dimwishlist:item=2220884262&perks=1926090092,3230963543,706527188,4152709778
dimwishlist:item=2220884262&perks=1926090095,3230963543,706527188,4152709778
dimwishlist:item=2220884262&perks=1926090094,3230963543,706527188,4152709778
dimwishlist:item=2220884262&perks=1926090092,1087426260,706527188,4152709778
dimwishlist:item=2220884262&perks=1926090095,1087426260,706527188,4152709778
dimwishlist:item=2220884262&perks=1926090094,1087426260,706527188,4152709778
dimwishlist:item=2220884262&perks=1926090092,679225683,1168162263,4152709778
dimwishlist:item=2220884262&perks=1926090095,679225683,1168162263,4152709778
dimwishlist:item=2220884262&perks=1926090094,679225683,1168162263,4152709778
dimwishlist:item=2220884262&perks=1926090092,1561002382,1168162263,4152709778
dimwishlist:item=2220884262&perks=1926090095,1561002382,1168162263,4152709778
dimwishlist:item=2220884262&perks=1926090094,1561002382,1168162263,4152709778
dimwishlist:item=2220884262&perks=1926090092,3230963543,1168162263,4152709778
dimwishlist:item=2220884262&perks=1926090095,3230963543,1168162263,4152709778
dimwishlist:item=2220884262&perks=1926090094,3230963543,1168162263,4152709778
dimwishlist:item=2220884262&perks=1926090092,1087426260,1168162263,4152709778
dimwishlist:item=2220884262&perks=1926090095,1087426260,1168162263,4152709778
dimwishlist:item=2220884262&perks=1926090094,1087426260,1168162263,4152709778
dimwishlist:item=2220884262&perks=1926090092,679225683,3161816588,4152709778
dimwishlist:item=2220884262&perks=1926090095,679225683,3161816588,4152709778
dimwishlist:item=2220884262&perks=1926090094,679225683,3161816588,4152709778
dimwishlist:item=2220884262&perks=1926090092,1561002382,3161816588,4152709778
dimwishlist:item=2220884262&perks=1926090095,1561002382,3161816588,4152709778
dimwishlist:item=2220884262&perks=1926090094,1561002382,3161816588,4152709778
dimwishlist:item=2220884262&perks=1926090092,3230963543,3161816588,4152709778
dimwishlist:item=2220884262&perks=1926090095,3230963543,3161816588,4152709778
dimwishlist:item=2220884262&perks=1926090094,3230963543,3161816588,4152709778
dimwishlist:item=2220884262&perks=1926090092,1087426260,3161816588,4152709778
dimwishlist:item=2220884262&perks=1926090095,1087426260,3161816588,4152709778
dimwishlist:item=2220884262&perks=1926090094,1087426260,3161816588,4152709778
dimwishlist:item=2220884262&perks=1926090092,679225683,3124871000,4152709778
dimwishlist:item=2220884262&perks=1926090095,679225683,3124871000,4152709778
dimwishlist:item=2220884262&perks=1926090094,679225683,3124871000,4152709778
dimwishlist:item=2220884262&perks=1926090092,1561002382,3124871000,4152709778
dimwishlist:item=2220884262&perks=1926090095,1561002382,3124871000,4152709778
dimwishlist:item=2220884262&perks=1926090094,1561002382,3124871000,4152709778
dimwishlist:item=2220884262&perks=1926090092,3230963543,3124871000,4152709778
dimwishlist:item=2220884262&perks=1926090095,3230963543,3124871000,4152709778
dimwishlist:item=2220884262&perks=1926090094,3230963543,3124871000,4152709778
dimwishlist:item=2220884262&perks=1926090092,1087426260,3124871000,4152709778
dimwishlist:item=2220884262&perks=1926090095,1087426260,3124871000,4152709778
dimwishlist:item=2220884262&perks=1926090094,1087426260,3124871000,4152709778

// The Steady Hand
// notes: PvP God Rolls
dimwishlist:item=2220884262&perks=1926090093,1885400500,2450788523,3592538738
dimwishlist:item=2220884262&perks=1926090092,1885400500,2450788523,3592538738
dimwishlist:item=2220884262&perks=1926090093,1885400500,588594999,3592538738
dimwishlist:item=2220884262&perks=1926090092,1885400500,588594999,3592538738
dimwishlist:item=2220884262&perks=1926090093,1885400500,2450788523,4152709778
dimwishlist:item=2220884262&perks=1926090092,1885400500,2450788523,4152709778
dimwishlist:item=2220884262&perks=1926090093,1885400500,588594999,4152709778
dimwishlist:item=2220884262&perks=1926090092,1885400500,588594999,4152709778
dimwishlist:item=2220884262&perks=1926090093,1885400500,2450788523,4082225868
dimwishlist:item=2220884262&perks=1926090092,1885400500,2450788523,4082225868
dimwishlist:item=2220884262&perks=1926090093,1885400500,588594999,4082225868
dimwishlist:item=2220884262&perks=1926090092,1885400500,588594999,4082225868

// The Steady Hand
// notes: PvP
dimwishlist:item=2220884262&perks=1926090092,679225683,706527188,4082225868
dimwishlist:item=2220884262&perks=1926090095,679225683,706527188,4082225868
dimwishlist:item=2220884262&perks=1926090093,679225683,706527188,4082225868
dimwishlist:item=2220884262&perks=1926090092,1561002382,706527188,4082225868
dimwishlist:item=2220884262&perks=1926090095,1561002382,706527188,4082225868
dimwishlist:item=2220884262&perks=1926090093,1561002382,706527188,4082225868
dimwishlist:item=2220884262&perks=1926090092,1885400500,706527188,4082225868
dimwishlist:item=2220884262&perks=1926090095,1885400500,706527188,4082225868
dimwishlist:item=2220884262&perks=1926090093,1885400500,706527188,4082225868
dimwishlist:item=2220884262&perks=1926090092,679225683,2387244414,4082225868
dimwishlist:item=2220884262&perks=1926090095,679225683,2387244414,4082225868
dimwishlist:item=2220884262&perks=1926090093,679225683,2387244414,4082225868
dimwishlist:item=2220884262&perks=1926090092,1561002382,2387244414,4082225868
dimwishlist:item=2220884262&perks=1926090095,1561002382,2387244414,4082225868
dimwishlist:item=2220884262&perks=1926090093,1561002382,2387244414,4082225868
dimwishlist:item=2220884262&perks=1926090092,1885400500,2387244414,4082225868
dimwishlist:item=2220884262&perks=1926090095,1885400500,2387244414,4082225868
dimwishlist:item=2220884262&perks=1926090093,1885400500,2387244414,4082225868
dimwishlist:item=2220884262&perks=1926090092,679225683,2450788523,4082225868
dimwishlist:item=2220884262&perks=1926090095,679225683,2450788523,4082225868
dimwishlist:item=2220884262&perks=1926090093,679225683,2450788523,4082225868
dimwishlist:item=2220884262&perks=1926090092,1561002382,2450788523,4082225868
dimwishlist:item=2220884262&perks=1926090095,1561002382,2450788523,4082225868
dimwishlist:item=2220884262&perks=1926090093,1561002382,2450788523,4082225868
dimwishlist:item=2220884262&perks=1926090095,1885400500,2450788523,4082225868
dimwishlist:item=2220884262&perks=1926090092,679225683,588594999,4082225868
dimwishlist:item=2220884262&perks=1926090095,679225683,588594999,4082225868
dimwishlist:item=2220884262&perks=1926090093,679225683,588594999,4082225868
dimwishlist:item=2220884262&perks=1926090092,1561002382,588594999,4082225868
dimwishlist:item=2220884262&perks=1926090095,1561002382,588594999,4082225868
dimwishlist:item=2220884262&perks=1926090093,1561002382,588594999,4082225868
dimwishlist:item=2220884262&perks=1926090095,1885400500,588594999,4082225868
dimwishlist:item=2220884262&perks=1926090092,679225683,706527188,3592538738
dimwishlist:item=2220884262&perks=1926090095,679225683,706527188,3592538738
dimwishlist:item=2220884262&perks=1926090093,679225683,706527188,3592538738
dimwishlist:item=2220884262&perks=1926090092,1561002382,706527188,3592538738
dimwishlist:item=2220884262&perks=1926090095,1561002382,706527188,3592538738
dimwishlist:item=2220884262&perks=1926090093,1561002382,706527188,3592538738
dimwishlist:item=2220884262&perks=1926090092,1885400500,706527188,3592538738
dimwishlist:item=2220884262&perks=1926090095,1885400500,706527188,3592538738
dimwishlist:item=2220884262&perks=1926090093,1885400500,706527188,3592538738
dimwishlist:item=2220884262&perks=1926090092,679225683,2387244414,3592538738
dimwishlist:item=2220884262&perks=1926090095,679225683,2387244414,3592538738
dimwishlist:item=2220884262&perks=1926090093,679225683,2387244414,3592538738
dimwishlist:item=2220884262&perks=1926090092,1561002382,2387244414,3592538738
dimwishlist:item=2220884262&perks=1926090095,1561002382,2387244414,3592538738
dimwishlist:item=2220884262&perks=1926090093,1561002382,2387244414,3592538738
dimwishlist:item=2220884262&perks=1926090092,1885400500,2387244414,3592538738
dimwishlist:item=2220884262&perks=1926090095,1885400500,2387244414,3592538738
dimwishlist:item=2220884262&perks=1926090093,1885400500,2387244414,3592538738
dimwishlist:item=2220884262&perks=1926090092,679225683,2450788523,3592538738
dimwishlist:item=2220884262&perks=1926090095,679225683,2450788523,3592538738
dimwishlist:item=2220884262&perks=1926090093,679225683,2450788523,3592538738
dimwishlist:item=2220884262&perks=1926090092,1561002382,2450788523,3592538738
dimwishlist:item=2220884262&perks=1926090095,1561002382,2450788523,3592538738
dimwishlist:item=2220884262&perks=1926090093,1561002382,2450788523,3592538738
dimwishlist:item=2220884262&perks=1926090095,1885400500,2450788523,3592538738
dimwishlist:item=2220884262&perks=1926090092,679225683,588594999,3592538738
dimwishlist:item=2220884262&perks=1926090095,679225683,588594999,3592538738
dimwishlist:item=2220884262&perks=1926090093,679225683,588594999,3592538738
dimwishlist:item=2220884262&perks=1926090092,1561002382,588594999,3592538738
dimwishlist:item=2220884262&perks=1926090095,1561002382,588594999,3592538738
dimwishlist:item=2220884262&perks=1926090093,1561002382,588594999,3592538738
dimwishlist:item=2220884262&perks=1926090092,1885400500,588594999,3592538738
dimwishlist:item=2220884262&perks=1926090095,1885400500,588594999,3592538738
dimwishlist:item=2220884262&perks=1926090093,1885400500,588594999,3592538738
dimwishlist:item=2220884262&perks=1926090092,679225683,706527188,4152709778
dimwishlist:item=2220884262&perks=1926090095,679225683,706527188,4152709778
dimwishlist:item=2220884262&perks=1926090093,679225683,706527188,4152709778
dimwishlist:item=2220884262&perks=1926090092,1561002382,706527188,4152709778
dimwishlist:item=2220884262&perks=1926090095,1561002382,706527188,4152709778
dimwishlist:item=2220884262&perks=1926090093,1561002382,706527188,4152709778
dimwishlist:item=2220884262&perks=1926090092,1885400500,706527188,4152709778
dimwishlist:item=2220884262&perks=1926090095,1885400500,706527188,4152709778
dimwishlist:item=2220884262&perks=1926090093,1885400500,706527188,4152709778
dimwishlist:item=2220884262&perks=1926090092,679225683,2387244414,4152709778
dimwishlist:item=2220884262&perks=1926090095,679225683,2387244414,4152709778
dimwishlist:item=2220884262&perks=1926090093,679225683,2387244414,4152709778
dimwishlist:item=2220884262&perks=1926090092,1561002382,2387244414,4152709778
dimwishlist:item=2220884262&perks=1926090095,1561002382,2387244414,4152709778
dimwishlist:item=2220884262&perks=1926090093,1561002382,2387244414,4152709778
dimwishlist:item=2220884262&perks=1926090092,1885400500,2387244414,4152709778
dimwishlist:item=2220884262&perks=1926090095,1885400500,2387244414,4152709778
dimwishlist:item=2220884262&perks=1926090093,1885400500,2387244414,4152709778
dimwishlist:item=2220884262&perks=1926090092,679225683,2450788523,4152709778
dimwishlist:item=2220884262&perks=1926090095,679225683,2450788523,4152709778
dimwishlist:item=2220884262&perks=1926090093,679225683,2450788523,4152709778
dimwishlist:item=2220884262&perks=1926090092,1561002382,2450788523,4152709778
dimwishlist:item=2220884262&perks=1926090095,1561002382,2450788523,4152709778
dimwishlist:item=2220884262&perks=1926090093,1561002382,2450788523,4152709778
dimwishlist:item=2220884262&perks=1926090092,1885400500,2450788523,4152709778
dimwishlist:item=2220884262&perks=1926090095,1885400500,2450788523,4152709778
dimwishlist:item=2220884262&perks=1926090092,679225683,588594999,4152709778
dimwishlist:item=2220884262&perks=1926090095,679225683,588594999,4152709778
dimwishlist:item=2220884262&perks=1926090093,679225683,588594999,4152709778
dimwishlist:item=2220884262&perks=1926090092,1561002382,588594999,4152709778
dimwishlist:item=2220884262&perks=1926090095,1561002382,588594999,4152709778
dimwishlist:item=2220884262&perks=1926090093,1561002382,588594999,4152709778
dimwishlist:item=2220884262&perks=1926090095,1885400500,588594999,4152709778
dimwishlist:item=2220884262&perks=1926090092,679225683,706527188,957782887
dimwishlist:item=2220884262&perks=1926090095,679225683,706527188,957782887
dimwishlist:item=2220884262&perks=1926090093,679225683,706527188,957782887
dimwishlist:item=2220884262&perks=1926090092,1561002382,706527188,957782887
dimwishlist:item=2220884262&perks=1926090095,1561002382,706527188,957782887
dimwishlist:item=2220884262&perks=1926090093,1561002382,706527188,957782887
dimwishlist:item=2220884262&perks=1926090092,1885400500,706527188,957782887
dimwishlist:item=2220884262&perks=1926090095,1885400500,706527188,957782887
dimwishlist:item=2220884262&perks=1926090093,1885400500,706527188,957782887
dimwishlist:item=2220884262&perks=1926090092,679225683,2387244414,957782887
dimwishlist:item=2220884262&perks=1926090095,679225683,2387244414,957782887
dimwishlist:item=2220884262&perks=1926090093,679225683,2387244414,957782887
dimwishlist:item=2220884262&perks=1926090092,1561002382,2387244414,957782887
dimwishlist:item=2220884262&perks=1926090095,1561002382,2387244414,957782887
dimwishlist:item=2220884262&perks=1926090093,1561002382,2387244414,957782887
dimwishlist:item=2220884262&perks=1926090092,1885400500,2387244414,957782887
dimwishlist:item=2220884262&perks=1926090095,1885400500,2387244414,957782887
dimwishlist:item=2220884262&perks=1926090093,1885400500,2387244414,957782887
dimwishlist:item=2220884262&perks=1926090092,679225683,2450788523,957782887
dimwishlist:item=2220884262&perks=1926090095,679225683,2450788523,957782887
dimwishlist:item=2220884262&perks=1926090093,679225683,2450788523,957782887
dimwishlist:item=2220884262&perks=1926090092,1561002382,2450788523,957782887
dimwishlist:item=2220884262&perks=1926090095,1561002382,2450788523,957782887
dimwishlist:item=2220884262&perks=1926090093,1561002382,2450788523,957782887
dimwishlist:item=2220884262&perks=1926090092,1885400500,2450788523,957782887
dimwishlist:item=2220884262&perks=1926090095,1885400500,2450788523,957782887
dimwishlist:item=2220884262&perks=1926090093,1885400500,2450788523,957782887
dimwishlist:item=2220884262&perks=1926090092,679225683,588594999,957782887
dimwishlist:item=2220884262&perks=1926090095,679225683,588594999,957782887
dimwishlist:item=2220884262&perks=1926090093,679225683,588594999,957782887
dimwishlist:item=2220884262&perks=1926090092,1561002382,588594999,957782887
dimwishlist:item=2220884262&perks=1926090095,1561002382,588594999,957782887
dimwishlist:item=2220884262&perks=1926090093,1561002382,588594999,957782887
dimwishlist:item=2220884262&perks=1926090092,1885400500,588594999,957782887
dimwishlist:item=2220884262&perks=1926090095,1885400500,588594999,957782887
dimwishlist:item=2220884262&perks=1926090093,1885400500,588594999,957782887