title: Season of the Chosen rolls


// Dead Man's Tale
dimwishlist:item=3654674561&perks=1840239774,3230963543,1546637391,3465198467
dimwishlist:item=3654674561&perks=4090651448,3230963543,1546637391,3465198467
dimwishlist:item=3654674561&perks=1482024992,3230963543,1546637391,3465198467
dimwishlist:item=3654674561&perks=1840239774,679225683,1546637391,3465198467
dimwishlist:item=3654674561&perks=4090651448,679225683,1546637391,3465198467
dimwishlist:item=3654674561&perks=1482024992,679225683,1546637391,3465198467
dimwishlist:item=3654674561&perks=1840239774,1885400500,1546637391,3465198467
dimwishlist:item=3654674561&perks=4090651448,1885400500,1546637391,3465198467
dimwishlist:item=3654674561&perks=1482024992,1885400500,1546637391,3465198467
dimwishlist:item=3654674561&perks=1840239774,3230963543,1067908860,3465198467
dimwishlist:item=3654674561&perks=4090651448,3230963543,1067908860,3465198467
dimwishlist:item=3654674561&perks=1482024992,3230963543,1067908860,3465198467
dimwishlist:item=3654674561&perks=1840239774,679225683,1067908860,3465198467
dimwishlist:item=3654674561&perks=4090651448,679225683,1067908860,3465198467
dimwishlist:item=3654674561&perks=1482024992,679225683,1067908860,3465198467
dimwishlist:item=3654674561&perks=1840239774,1885400500,1067908860,3465198467
dimwishlist:item=3654674561&perks=4090651448,1885400500,1067908860,3465198467
dimwishlist:item=3654674561&perks=1482024992,1885400500,1067908860,3465198467
dimwishlist:item=3654674561&perks=1840239774,3230963543,3465198467,3465198467
dimwishlist:item=3654674561&perks=4090651448,3230963543,3465198467,3465198467
dimwishlist:item=3654674561&perks=1482024992,3230963543,3465198467,3465198467
dimwishlist:item=3654674561&perks=1840239774,679225683,3465198467,3465198467
dimwishlist:item=3654674561&perks=4090651448,679225683,3465198467,3465198467
dimwishlist:item=3654674561&perks=1482024992,679225683,3465198467,3465198467
dimwishlist:item=3654674561&perks=1840239774,1885400500,3465198467,3465198467
dimwishlist:item=3654674561&perks=4090651448,1885400500,3465198467,3465198467
dimwishlist:item=3654674561&perks=1482024992,1885400500,3465198467,3465198467
dimwishlist:item=3654674561&perks=1840239774,3230963543,1820235745,3465198467
dimwishlist:item=3654674561&perks=4090651448,3230963543,1820235745,3465198467
dimwishlist:item=3654674561&perks=1482024992,3230963543,1820235745,3465198467
dimwishlist:item=3654674561&perks=1840239774,679225683,1820235745,3465198467
dimwishlist:item=3654674561&perks=4090651448,679225683,1820235745,3465198467
dimwishlist:item=3654674561&perks=1482024992,679225683,1820235745,3465198467
dimwishlist:item=3654674561&perks=1840239774,1885400500,1820235745,3465198467
dimwishlist:item=3654674561&perks=4090651448,1885400500,1820235745,3465198467
dimwishlist:item=3654674561&perks=1482024992,1885400500,1820235745,3465198467
dimwishlist:item=3654674561&perks=1840239774,3230963543,1546637391,1067908860
dimwishlist:item=3654674561&perks=4090651448,3230963543,1546637391,1067908860
dimwishlist:item=3654674561&perks=1482024992,3230963543,1546637391,1067908860
dimwishlist:item=3654674561&perks=1840239774,679225683,1546637391,1067908860
dimwishlist:item=3654674561&perks=4090651448,679225683,1546637391,1067908860
dimwishlist:item=3654674561&perks=1482024992,679225683,1546637391,1067908860
dimwishlist:item=3654674561&perks=1840239774,1885400500,1546637391,1067908860
dimwishlist:item=3654674561&perks=4090651448,1885400500,1546637391,1067908860
dimwishlist:item=3654674561&perks=1482024992,1885400500,1546637391,1067908860
dimwishlist:item=3654674561&perks=1840239774,3230963543,1067908860,1067908860
dimwishlist:item=3654674561&perks=4090651448,3230963543,1067908860,1067908860
dimwishlist:item=3654674561&perks=1482024992,3230963543,1067908860,1067908860
dimwishlist:item=3654674561&perks=1840239774,679225683,1067908860,1067908860
dimwishlist:item=3654674561&perks=4090651448,679225683,1067908860,1067908860
dimwishlist:item=3654674561&perks=1482024992,679225683,1067908860,1067908860
dimwishlist:item=3654674561&perks=1840239774,1885400500,1067908860,1067908860
dimwishlist:item=3654674561&perks=4090651448,1885400500,1067908860,1067908860
dimwishlist:item=3654674561&perks=1482024992,1885400500,1067908860,1067908860
dimwishlist:item=3654674561&perks=1840239774,3230963543,3465198467,1067908860
dimwishlist:item=3654674561&perks=4090651448,3230963543,3465198467,1067908860
dimwishlist:item=3654674561&perks=1482024992,3230963543,3465198467,1067908860
dimwishlist:item=3654674561&perks=1840239774,679225683,3465198467,1067908860
dimwishlist:item=3654674561&perks=4090651448,679225683,3465198467,1067908860
dimwishlist:item=3654674561&perks=1482024992,679225683,3465198467,1067908860
dimwishlist:item=3654674561&perks=1840239774,1885400500,3465198467,1067908860
dimwishlist:item=3654674561&perks=4090651448,1885400500,3465198467,1067908860
dimwishlist:item=3654674561&perks=1482024992,1885400500,3465198467,1067908860
dimwishlist:item=3654674561&perks=1840239774,3230963543,1820235745,1067908860
dimwishlist:item=3654674561&perks=4090651448,3230963543,1820235745,1067908860
dimwishlist:item=3654674561&perks=1482024992,3230963543,1820235745,1067908860
dimwishlist:item=3654674561&perks=1840239774,679225683,1820235745,1067908860
dimwishlist:item=3654674561&perks=4090651448,679225683,1820235745,1067908860
dimwishlist:item=3654674561&perks=1482024992,679225683,1820235745,1067908860
dimwishlist:item=3654674561&perks=1840239774,1885400500,1820235745,1067908860
dimwishlist:item=3654674561&perks=4090651448,1885400500,1820235745,1067908860
dimwishlist:item=3654674561&perks=1482024992,1885400500,1820235745,1067908860
dimwishlist:item=3654674561&perks=1840239774,3230963543,1546637391,990298390
dimwishlist:item=3654674561&perks=4090651448,3230963543,1546637391,990298390
dimwishlist:item=3654674561&perks=1482024992,3230963543,1546637391,990298390
dimwishlist:item=3654674561&perks=1840239774,679225683,1546637391,990298390
dimwishlist:item=3654674561&perks=4090651448,679225683,1546637391,990298390
dimwishlist:item=3654674561&perks=1482024992,679225683,1546637391,990298390
dimwishlist:item=3654674561&perks=1840239774,1885400500,1546637391,990298390
dimwishlist:item=3654674561&perks=4090651448,1885400500,1546637391,990298390
dimwishlist:item=3654674561&perks=1482024992,1885400500,1546637391,990298390
dimwishlist:item=3654674561&perks=1840239774,3230963543,1067908860,990298390
dimwishlist:item=3654674561&perks=4090651448,3230963543,1067908860,990298390
dimwishlist:item=3654674561&perks=1482024992,3230963543,1067908860,990298390
dimwishlist:item=3654674561&perks=1840239774,679225683,1067908860,990298390
dimwishlist:item=3654674561&perks=4090651448,679225683,1067908860,990298390
dimwishlist:item=3654674561&perks=1482024992,679225683,1067908860,990298390
dimwishlist:item=3654674561&perks=1840239774,1885400500,1067908860,990298390
dimwishlist:item=3654674561&perks=4090651448,1885400500,1067908860,990298390
dimwishlist:item=3654674561&perks=1482024992,1885400500,1067908860,990298390
dimwishlist:item=3654674561&perks=1840239774,3230963543,3465198467,990298390
dimwishlist:item=3654674561&perks=4090651448,3230963543,3465198467,990298390
dimwishlist:item=3654674561&perks=1482024992,3230963543,3465198467,990298390
dimwishlist:item=3654674561&perks=1840239774,679225683,3465198467,990298390
dimwishlist:item=3654674561&perks=4090651448,679225683,3465198467,990298390
dimwishlist:item=3654674561&perks=1482024992,679225683,3465198467,990298390
dimwishlist:item=3654674561&perks=1840239774,1885400500,3465198467,990298390
dimwishlist:item=3654674561&perks=4090651448,1885400500,3465198467,990298390
dimwishlist:item=3654674561&perks=1482024992,1885400500,3465198467,990298390
dimwishlist:item=3654674561&perks=1840239774,3230963543,1820235745,990298390
dimwishlist:item=3654674561&perks=4090651448,3230963543,1820235745,990298390
dimwishlist:item=3654674561&perks=1482024992,3230963543,1820235745,990298390
dimwishlist:item=3654674561&perks=1840239774,679225683,1820235745,990298390
dimwishlist:item=3654674561&perks=4090651448,679225683,1820235745,990298390
dimwishlist:item=3654674561&perks=1482024992,679225683,1820235745,990298390
dimwishlist:item=3654674561&perks=1840239774,1885400500,1820235745,990298390
dimwishlist:item=3654674561&perks=4090651448,1885400500,1820235745,990298390
dimwishlist:item=3654674561&perks=1482024992,1885400500,1820235745,990298390


// Extraordinary Rendition
dimwishlist:item=1097616550&perks=3250034553,3142289711,3643424744,4104185692
dimwishlist:item=1097616550&perks=1482024992,3142289711,3643424744,4104185692
dimwishlist:item=1097616550&perks=1467527085,3142289711,3643424744,4104185692
dimwishlist:item=1097616550&perks=4090651448,3142289711,3643424744,4104185692
dimwishlist:item=1097616550&perks=3250034553,106909392,3643424744,4104185692
dimwishlist:item=1097616550&perks=1482024992,106909392,3643424744,4104185692
dimwishlist:item=1097616550&perks=1467527085,106909392,3643424744,4104185692
dimwishlist:item=1097616550&perks=4090651448,106909392,3643424744,4104185692
dimwishlist:item=1097616550&perks=3250034553,1087426260,3643424744,4104185692
dimwishlist:item=1097616550&perks=1482024992,1087426260,3643424744,4104185692
dimwishlist:item=1097616550&perks=1467527085,1087426260,3643424744,4104185692
dimwishlist:item=1097616550&perks=4090651448,1087426260,3643424744,4104185692
dimwishlist:item=1097616550&perks=3250034553,3142289711,3643424744,4049631843
dimwishlist:item=1097616550&perks=1482024992,3142289711,3643424744,4049631843
dimwishlist:item=1097616550&perks=1467527085,3142289711,3643424744,4049631843
dimwishlist:item=1097616550&perks=4090651448,3142289711,3643424744,4049631843
dimwishlist:item=1097616550&perks=3250034553,106909392,3643424744,4049631843
dimwishlist:item=1097616550&perks=1482024992,106909392,3643424744,4049631843
dimwishlist:item=1097616550&perks=1467527085,106909392,3643424744,4049631843
dimwishlist:item=1097616550&perks=4090651448,106909392,3643424744,4049631843
dimwishlist:item=1097616550&perks=3250034553,1087426260,3643424744,4049631843
dimwishlist:item=1097616550&perks=1482024992,1087426260,3643424744,4049631843
dimwishlist:item=1097616550&perks=1467527085,1087426260,3643424744,4049631843
dimwishlist:item=1097616550&perks=4090651448,1087426260,3643424744,4049631843


// Code Duello
dimwishlist:item=2496242052&perks=1441682018,3796465595,2869569095,3927722942
dimwishlist:item=2496242052&perks=3525010810,3796465595,2869569095,3927722942
dimwishlist:item=2496242052&perks=1441682018,2822142346,2869569095,3927722942
dimwishlist:item=2496242052&perks=3525010810,2822142346,2869569095,3927722942
dimwishlist:item=2496242052&perks=1441682018,3796465595,951095735,3927722942
dimwishlist:item=2496242052&perks=3525010810,3796465595,951095735,3927722942
dimwishlist:item=2496242052&perks=1441682018,2822142346,951095735,3927722942
dimwishlist:item=2496242052&perks=3525010810,2822142346,951095735,3927722942
dimwishlist:item=2496242052&perks=1441682018,3796465595,2869569095,2396489472
dimwishlist:item=2496242052&perks=3525010810,3796465595,2869569095,2396489472
dimwishlist:item=2496242052&perks=1441682018,2822142346,2869569095,2396489472
dimwishlist:item=2496242052&perks=3525010810,2822142346,2869569095,2396489472
dimwishlist:item=2496242052&perks=1441682018,3796465595,951095735,2396489472
dimwishlist:item=2496242052&perks=3525010810,3796465595,951095735,2396489472
dimwishlist:item=2496242052&perks=1441682018,2822142346,951095735,2396489472
dimwishlist:item=2496242052&perks=3525010810,2822142346,951095735,2396489472
dimwishlist:item=2496242052&perks=1441682018,3796465595,2869569095,1275731761
dimwishlist:item=2496242052&perks=3525010810,3796465595,2869569095,1275731761
dimwishlist:item=2496242052&perks=1441682018,2822142346,2869569095,1275731761
dimwishlist:item=2496242052&perks=3525010810,2822142346,2869569095,1275731761
dimwishlist:item=2496242052&perks=1441682018,3796465595,951095735,1275731761
dimwishlist:item=2496242052&perks=3525010810,3796465595,951095735,1275731761
dimwishlist:item=2496242052&perks=1441682018,2822142346,951095735,1275731761
dimwishlist:item=2496242052&perks=3525010810,2822142346,951095735,1275731761
dimwishlist:item=2496242052&perks=1441682018,3796465595,2869569095,4104185692
dimwishlist:item=2496242052&perks=3525010810,3796465595,2869569095,4104185692
dimwishlist:item=2496242052&perks=1441682018,2822142346,2869569095,4104185692
dimwishlist:item=2496242052&perks=3525010810,2822142346,2869569095,4104185692
dimwishlist:item=2496242052&perks=1441682018,3796465595,951095735,4104185692
dimwishlist:item=2496242052&perks=3525010810,3796465595,951095735,4104185692
dimwishlist:item=2496242052&perks=1441682018,2822142346,951095735,4104185692
dimwishlist:item=2496242052&perks=3525010810,2822142346,951095735,4104185692


// Brass Attacks
dimwishlist:item=2121785039&perks=1482024992,1087426260,247725512,4049631843
dimwishlist:item=2121785039&perks=3250034553,1087426260,247725512,4049631843
dimwishlist:item=2121785039&perks=1392496348,1087426260,247725512,4049631843
dimwishlist:item=2121785039&perks=1482024992,1885400500,247725512,4049631843
dimwishlist:item=2121785039&perks=3250034553,1885400500,247725512,4049631843
dimwishlist:item=2121785039&perks=1392496348,1885400500,247725512,4049631843
dimwishlist:item=2121785039&perks=1482024992,1087426260,2779035018,4049631843
dimwishlist:item=2121785039&perks=3250034553,1087426260,2779035018,4049631843
dimwishlist:item=2121785039&perks=1392496348,1087426260,2779035018,4049631843
dimwishlist:item=2121785039&perks=1482024992,1885400500,2779035018,4049631843
dimwishlist:item=2121785039&perks=3250034553,1885400500,2779035018,4049631843
dimwishlist:item=2121785039&perks=1392496348,1885400500,2779035018,4049631843
dimwishlist:item=2121785039&perks=1482024992,1087426260,4071163871,4049631843
dimwishlist:item=2121785039&perks=3250034553,1087426260,4071163871,4049631843
dimwishlist:item=2121785039&perks=1392496348,1087426260,4071163871,4049631843
dimwishlist:item=2121785039&perks=1482024992,1885400500,4071163871,4049631843
dimwishlist:item=2121785039&perks=3250034553,1885400500,4071163871,4049631843
dimwishlist:item=2121785039&perks=1392496348,1885400500,4071163871,4049631843
dimwishlist:item=2121785039&perks=1482024992,1087426260,247725512,3425386926
dimwishlist:item=2121785039&perks=3250034553,1087426260,247725512,3425386926
dimwishlist:item=2121785039&perks=1392496348,1087426260,247725512,3425386926
dimwishlist:item=2121785039&perks=1482024992,1885400500,247725512,3425386926
dimwishlist:item=2121785039&perks=3250034553,1885400500,247725512,3425386926
dimwishlist:item=2121785039&perks=1392496348,1885400500,247725512,3425386926
dimwishlist:item=2121785039&perks=1482024992,1087426260,2779035018,3425386926
dimwishlist:item=2121785039&perks=3250034553,1087426260,2779035018,3425386926
dimwishlist:item=2121785039&perks=1392496348,1087426260,2779035018,3425386926
dimwishlist:item=2121785039&perks=1482024992,1885400500,2779035018,3425386926
dimwishlist:item=2121785039&perks=3250034553,1885400500,2779035018,3425386926
dimwishlist:item=2121785039&perks=1392496348,1885400500,2779035018,3425386926
dimwishlist:item=2121785039&perks=1482024992,1087426260,4071163871,3425386926
dimwishlist:item=2121785039&perks=3250034553,1087426260,4071163871,3425386926
dimwishlist:item=2121785039&perks=1392496348,1087426260,4071163871,3425386926
dimwishlist:item=2121785039&perks=1482024992,1885400500,4071163871,3425386926
dimwishlist:item=2121785039&perks=3250034553,1885400500,4071163871,3425386926
dimwishlist:item=2121785039&perks=1392496348,1885400500,4071163871,3425386926
dimwishlist:item=2121785039&perks=1482024992,1087426260,247725512,4104185692
dimwishlist:item=2121785039&perks=3250034553,1087426260,247725512,4104185692
dimwishlist:item=2121785039&perks=1392496348,1087426260,247725512,4104185692
dimwishlist:item=2121785039&perks=1482024992,1885400500,247725512,4104185692
dimwishlist:item=2121785039&perks=3250034553,1885400500,247725512,4104185692
dimwishlist:item=2121785039&perks=1392496348,1885400500,247725512,4104185692
dimwishlist:item=2121785039&perks=1482024992,1087426260,2779035018,4104185692
dimwishlist:item=2121785039&perks=3250034553,1087426260,2779035018,4104185692
dimwishlist:item=2121785039&perks=1392496348,1087426260,2779035018,4104185692
dimwishlist:item=2121785039&perks=1482024992,1885400500,2779035018,4104185692
dimwishlist:item=2121785039&perks=3250034553,1885400500,2779035018,4104185692
dimwishlist:item=2121785039&perks=1392496348,1885400500,2779035018,4104185692
dimwishlist:item=2121785039&perks=1482024992,1087426260,4071163871,4104185692
dimwishlist:item=2121785039&perks=3250034553,1087426260,4071163871,4104185692
dimwishlist:item=2121785039&perks=1392496348,1087426260,4071163871,4104185692
dimwishlist:item=2121785039&perks=1482024992,1885400500,4071163871,4104185692
dimwishlist:item=2121785039&perks=3250034553,1885400500,4071163871,4104185692
dimwishlist:item=2121785039&perks=1392496348,1885400500,4071163871,4104185692


// Imperial Needle
dimwishlist:item=3460122497&perks=1784898267,3827198035,201365942,4104185692
dimwishlist:item=3460122497&perks=1196733167,3827198035,201365942,4104185692
dimwishlist:item=3460122497&perks=852209214,3827198035,201365942,4104185692
dimwishlist:item=3460122497&perks=1784898267,3311977193,201365942,4104185692
dimwishlist:item=3460122497&perks=1196733167,3311977193,201365942,4104185692
dimwishlist:item=3460122497&perks=852209214,3311977193,201365942,4104185692
dimwishlist:item=3460122497&perks=1784898267,3827198035,2450788523,4104185692
dimwishlist:item=3460122497&perks=1196733167,3827198035,2450788523,4104185692
dimwishlist:item=3460122497&perks=852209214,3827198035,2450788523,4104185692
dimwishlist:item=3460122497&perks=1784898267,3311977193,2450788523,4104185692
dimwishlist:item=3460122497&perks=1196733167,3311977193,2450788523,4104185692
dimwishlist:item=3460122497&perks=852209214,3311977193,2450788523,4104185692
dimwishlist:item=3460122497&perks=1784898267,3827198035,201365942,4082225868
dimwishlist:item=3460122497&perks=1196733167,3827198035,201365942,4082225868
dimwishlist:item=3460122497&perks=852209214,3827198035,201365942,4082225868
dimwishlist:item=3460122497&perks=1784898267,3311977193,201365942,4082225868
dimwishlist:item=3460122497&perks=1196733167,3311977193,201365942,4082225868
dimwishlist:item=3460122497&perks=852209214,3311977193,201365942,4082225868
dimwishlist:item=3460122497&perks=1784898267,3827198035,2450788523,4082225868
dimwishlist:item=3460122497&perks=1196733167,3827198035,2450788523,4082225868
dimwishlist:item=3460122497&perks=852209214,3827198035,2450788523,4082225868
dimwishlist:item=3460122497&perks=1784898267,3311977193,2450788523,4082225868
dimwishlist:item=3460122497&perks=1196733167,3311977193,2450788523,4082225868
dimwishlist:item=3460122497&perks=852209214,3311977193,2450788523,4082225868
dimwishlist:item=3460122497&perks=1784898267,3827198035,201365942,3350417888
dimwishlist:item=3460122497&perks=1196733167,3827198035,201365942,3350417888
dimwishlist:item=3460122497&perks=852209214,3827198035,201365942,3350417888
dimwishlist:item=3460122497&perks=1784898267,3311977193,201365942,3350417888
dimwishlist:item=3460122497&perks=1196733167,3311977193,201365942,3350417888
dimwishlist:item=3460122497&perks=852209214,3311977193,201365942,3350417888
dimwishlist:item=3460122497&perks=1784898267,3827198035,2450788523,3350417888
dimwishlist:item=3460122497&perks=1196733167,3827198035,2450788523,3350417888
dimwishlist:item=3460122497&perks=852209214,3827198035,2450788523,3350417888
dimwishlist:item=3460122497&perks=1784898267,3311977193,2450788523,3350417888
dimwishlist:item=3460122497&perks=1196733167,3311977193,2450788523,3350417888
dimwishlist:item=3460122497&perks=852209214,3311977193,2450788523,3350417888

// Far Future
dimwishlist:item=893527433&perks=1482024992,106909392,706527188,47981717
dimwishlist:item=893527433&perks=1840239774,106909392,706527188,47981717
dimwishlist:item=893527433&perks=4090651448,106909392,706527188,47981717
dimwishlist:item=893527433&perks=839105230,106909392,706527188,47981717
dimwishlist:item=893527433&perks=1392496348,106909392,706527188,47981717
dimwishlist:item=893527433&perks=3250034553,106909392,706527188,47981717
dimwishlist:item=893527433&perks=1482024992,106909392,588594999,47981717
dimwishlist:item=893527433&perks=1840239774,106909392,588594999,47981717
dimwishlist:item=893527433&perks=4090651448,106909392,588594999,47981717
dimwishlist:item=893527433&perks=839105230,106909392,588594999,47981717
dimwishlist:item=893527433&perks=1392496348,106909392,588594999,47981717
dimwishlist:item=893527433&perks=3250034553,106909392,588594999,47981717


// Threaded Needle
dimwishlist:item=3075224551&perks=1840239774,1687452232,2869569095,1546637391
dimwishlist:item=3075224551&perks=4090651448,1687452232,2869569095,1546637391
dimwishlist:item=3075224551&perks=839105230,1687452232,2869569095,1546637391


// Bottom Dollar
//notes: High Level PvE
dimwishlist:item=1046651176&perks=1482024992,106909392,247725512,3038247973
dimwishlist:item=1046651176&perks=1840239774,106909392,247725512,3038247973
dimwishlist:item=1046651176&perks=1392496348,106909392,247725512,3038247973
dimwishlist:item=1046651176&perks=3250034553,106909392,247725512,3038247973
dimwishlist:item=1046651176&perks=1482024992,1087426260,247725512,3038247973
dimwishlist:item=1046651176&perks=1840239774,1087426260,247725512,3038247973
dimwishlist:item=1046651176&perks=1392496348,1087426260,247725512,3038247973
dimwishlist:item=1046651176&perks=3250034553,1087426260,247725512,3038247973
dimwishlist:item=1046651176&perks=1482024992,106909392,1354429876,3038247973
dimwishlist:item=1046651176&perks=1840239774,106909392,1354429876,3038247973
dimwishlist:item=1046651176&perks=1392496348,106909392,1354429876,3038247973
dimwishlist:item=1046651176&perks=3250034553,106909392,1354429876,3038247973
dimwishlist:item=1046651176&perks=1482024992,1087426260,1354429876,3038247973
dimwishlist:item=1046651176&perks=1840239774,1087426260,1354429876,3038247973
dimwishlist:item=1046651176&perks=1392496348,1087426260,1354429876,3038247973
dimwishlist:item=1046651176&perks=3250034553,1087426260,1354429876,3038247973
dimwishlist:item=1046651176&perks=1482024992,106909392,2846385770,3038247973
dimwishlist:item=1046651176&perks=1840239774,106909392,2846385770,3038247973
dimwishlist:item=1046651176&perks=1392496348,106909392,2846385770,3038247973
dimwishlist:item=1046651176&perks=3250034553,106909392,2846385770,3038247973
dimwishlist:item=1046651176&perks=1482024992,1087426260,2846385770,3038247973
dimwishlist:item=1046651176&perks=1840239774,1087426260,2846385770,3038247973
dimwishlist:item=1046651176&perks=1392496348,1087426260,2846385770,3038247973
dimwishlist:item=1046651176&perks=3250034553,1087426260,2846385770,3038247973
dimwishlist:item=1046651176&perks=1482024992,106909392,247725512,2213355989
dimwishlist:item=1046651176&perks=1840239774,106909392,247725512,2213355989
dimwishlist:item=1046651176&perks=1392496348,106909392,247725512,2213355989
dimwishlist:item=1046651176&perks=3250034553,106909392,247725512,2213355989
dimwishlist:item=1046651176&perks=1482024992,1087426260,247725512,2213355989
dimwishlist:item=1046651176&perks=1840239774,1087426260,247725512,2213355989
dimwishlist:item=1046651176&perks=1392496348,1087426260,247725512,2213355989
dimwishlist:item=1046651176&perks=3250034553,1087426260,247725512,2213355989
dimwishlist:item=1046651176&perks=1482024992,106909392,1354429876,2213355989
dimwishlist:item=1046651176&perks=1840239774,106909392,1354429876,2213355989
dimwishlist:item=1046651176&perks=1392496348,106909392,1354429876,2213355989
dimwishlist:item=1046651176&perks=3250034553,106909392,1354429876,2213355989
dimwishlist:item=1046651176&perks=1482024992,1087426260,1354429876,2213355989
dimwishlist:item=1046651176&perks=1840239774,1087426260,1354429876,2213355989
dimwishlist:item=1046651176&perks=1392496348,1087426260,1354429876,2213355989
dimwishlist:item=1046651176&perks=3250034553,1087426260,1354429876,2213355989
dimwishlist:item=1046651176&perks=1482024992,106909392,2846385770,2213355989
dimwishlist:item=1046651176&perks=1840239774,106909392,2846385770,2213355989
dimwishlist:item=1046651176&perks=1392496348,106909392,2846385770,2213355989
dimwishlist:item=1046651176&perks=3250034553,106909392,2846385770,2213355989
dimwishlist:item=1046651176&perks=1482024992,1087426260,2846385770,2213355989
dimwishlist:item=1046651176&perks=1840239774,1087426260,2846385770,2213355989
dimwishlist:item=1046651176&perks=1392496348,1087426260,2846385770,2213355989
dimwishlist:item=1046651176&perks=3250034553,1087426260,2846385770,2213355989
dimwishlist:item=1046651176&perks=1482024992,106909392,247725512,1683379515
dimwishlist:item=1046651176&perks=1840239774,106909392,247725512,1683379515
dimwishlist:item=1046651176&perks=1392496348,106909392,247725512,1683379515
dimwishlist:item=1046651176&perks=3250034553,106909392,247725512,1683379515
dimwishlist:item=1046651176&perks=1482024992,1087426260,247725512,1683379515
dimwishlist:item=1046651176&perks=1840239774,1087426260,247725512,1683379515
dimwishlist:item=1046651176&perks=1392496348,1087426260,247725512,1683379515
dimwishlist:item=1046651176&perks=3250034553,1087426260,247725512,1683379515
dimwishlist:item=1046651176&perks=1482024992,106909392,1354429876,1683379515
dimwishlist:item=1046651176&perks=1840239774,106909392,1354429876,1683379515
dimwishlist:item=1046651176&perks=1392496348,106909392,1354429876,1683379515
dimwishlist:item=1046651176&perks=3250034553,106909392,1354429876,1683379515
dimwishlist:item=1046651176&perks=1482024992,1087426260,1354429876,1683379515
dimwishlist:item=1046651176&perks=1840239774,1087426260,1354429876,1683379515
dimwishlist:item=1046651176&perks=1392496348,1087426260,1354429876,1683379515
dimwishlist:item=1046651176&perks=3250034553,1087426260,1354429876,1683379515
dimwishlist:item=1046651176&perks=1482024992,106909392,2846385770,1683379515
dimwishlist:item=1046651176&perks=1840239774,106909392,2846385770,1683379515
dimwishlist:item=1046651176&perks=1392496348,106909392,2846385770,1683379515
dimwishlist:item=1046651176&perks=3250034553,106909392,2846385770,1683379515
dimwishlist:item=1046651176&perks=1482024992,1087426260,2846385770,1683379515
dimwishlist:item=1046651176&perks=1840239774,1087426260,2846385770,1683379515
dimwishlist:item=1046651176&perks=1392496348,1087426260,2846385770,1683379515
dimwishlist:item=1046651176&perks=3250034553,1087426260,2846385770,1683379515


// Shadow Price
dimwishlist:item=2633186522&perks=1482024992,106909392,3643424744,4049631843
dimwishlist:item=2633186522&perks=3250034553,106909392,3643424744,4049631843
dimwishlist:item=2633186522&perks=1482024992,1087426260,3643424744,4049631843
dimwishlist:item=2633186522&perks=3250034553,1087426260,3643424744,4049631843
dimwishlist:item=2633186522&perks=1482024992,3142289711,3643424744,4049631843
dimwishlist:item=2633186522&perks=3250034553,3142289711,3643424744,4049631843
dimwishlist:item=2633186522&perks=1482024992,106909392,1354429876,4049631843
dimwishlist:item=2633186522&perks=3250034553,106909392,1354429876,4049631843
dimwishlist:item=2633186522&perks=1482024992,1087426260,1354429876,4049631843
dimwishlist:item=2633186522&perks=3250034553,1087426260,1354429876,4049631843
dimwishlist:item=2633186522&perks=1482024992,3142289711,1354429876,4049631843
dimwishlist:item=2633186522&perks=3250034553,3142289711,1354429876,4049631843
dimwishlist:item=2633186522&perks=1482024992,106909392,2779035018,4049631843
dimwishlist:item=2633186522&perks=3250034553,106909392,2779035018,4049631843
dimwishlist:item=2633186522&perks=1482024992,1087426260,2779035018,4049631843
dimwishlist:item=2633186522&perks=3250034553,1087426260,2779035018,4049631843
dimwishlist:item=2633186522&perks=1482024992,3142289711,2779035018,4049631843
dimwishlist:item=2633186522&perks=3250034553,3142289711,2779035018,4049631843
dimwishlist:item=2633186522&perks=1482024992,106909392,3643424744,1683379515
dimwishlist:item=2633186522&perks=3250034553,106909392,3643424744,1683379515
dimwishlist:item=2633186522&perks=1482024992,1087426260,3643424744,1683379515
dimwishlist:item=2633186522&perks=3250034553,1087426260,3643424744,1683379515
dimwishlist:item=2633186522&perks=1482024992,3142289711,3643424744,1683379515
dimwishlist:item=2633186522&perks=3250034553,3142289711,3643424744,1683379515
dimwishlist:item=2633186522&perks=1482024992,106909392,1354429876,1683379515
dimwishlist:item=2633186522&perks=3250034553,106909392,1354429876,1683379515
dimwishlist:item=2633186522&perks=1482024992,1087426260,1354429876,1683379515
dimwishlist:item=2633186522&perks=3250034553,1087426260,1354429876,1683379515
dimwishlist:item=2633186522&perks=1482024992,3142289711,1354429876,1683379515
dimwishlist:item=2633186522&perks=3250034553,3142289711,1354429876,1683379515
dimwishlist:item=2633186522&perks=1482024992,106909392,2779035018,1683379515
dimwishlist:item=2633186522&perks=3250034553,106909392,2779035018,1683379515
dimwishlist:item=2633186522&perks=1482024992,1087426260,2779035018,1683379515
dimwishlist:item=2633186522&perks=3250034553,1087426260,2779035018,1683379515
dimwishlist:item=2633186522&perks=1482024992,3142289711,2779035018,1683379515
dimwishlist:item=2633186522&perks=3250034553,3142289711,2779035018,1683379515
dimwishlist:item=2633186522&perks=1482024992,106909392,3643424744,4082225868
dimwishlist:item=2633186522&perks=3250034553,106909392,3643424744,4082225868
dimwishlist:item=2633186522&perks=1482024992,1087426260,3643424744,4082225868
dimwishlist:item=2633186522&perks=3250034553,1087426260,3643424744,4082225868
dimwishlist:item=2633186522&perks=1482024992,3142289711,3643424744,4082225868
dimwishlist:item=2633186522&perks=3250034553,3142289711,3643424744,4082225868
dimwishlist:item=2633186522&perks=1482024992,106909392,1354429876,4082225868
dimwishlist:item=2633186522&perks=3250034553,106909392,1354429876,4082225868
dimwishlist:item=2633186522&perks=1482024992,1087426260,1354429876,4082225868
dimwishlist:item=2633186522&perks=3250034553,1087426260,1354429876,4082225868
dimwishlist:item=2633186522&perks=1482024992,3142289711,1354429876,4082225868
dimwishlist:item=2633186522&perks=3250034553,3142289711,1354429876,4082225868
dimwishlist:item=2633186522&perks=1482024992,106909392,2779035018,4082225868
dimwishlist:item=2633186522&perks=3250034553,106909392,2779035018,4082225868
dimwishlist:item=2633186522&perks=1482024992,1087426260,2779035018,4082225868
dimwishlist:item=2633186522&perks=3250034553,1087426260,2779035018,4082225868
dimwishlist:item=2633186522&perks=1482024992,3142289711,2779035018,4082225868
dimwishlist:item=2633186522&perks=3250034553,3142289711,2779035018,4082225868


// Shadow Price (Adept)
dimwishlist:item=2147010335&perks=1482024992,106909392,3643424744,4049631843
dimwishlist:item=2147010335&perks=3250034553,106909392,3643424744,4049631843
dimwishlist:item=2147010335&perks=1482024992,1087426260,3643424744,4049631843
dimwishlist:item=2147010335&perks=3250034553,1087426260,3643424744,4049631843
dimwishlist:item=2147010335&perks=1482024992,3142289711,3643424744,4049631843
dimwishlist:item=2147010335&perks=3250034553,3142289711,3643424744,4049631843
dimwishlist:item=2147010335&perks=1482024992,106909392,1354429876,4049631843
dimwishlist:item=2147010335&perks=3250034553,106909392,1354429876,4049631843
dimwishlist:item=2147010335&perks=1482024992,1087426260,1354429876,4049631843
dimwishlist:item=2147010335&perks=3250034553,1087426260,1354429876,4049631843
dimwishlist:item=2147010335&perks=1482024992,3142289711,1354429876,4049631843
dimwishlist:item=2147010335&perks=3250034553,3142289711,1354429876,4049631843
dimwishlist:item=2147010335&perks=1482024992,106909392,2779035018,4049631843
dimwishlist:item=2147010335&perks=3250034553,106909392,2779035018,4049631843
dimwishlist:item=2147010335&perks=1482024992,1087426260,2779035018,4049631843
dimwishlist:item=2147010335&perks=3250034553,1087426260,2779035018,4049631843
dimwishlist:item=2147010335&perks=1482024992,3142289711,2779035018,4049631843
dimwishlist:item=2147010335&perks=3250034553,3142289711,2779035018,4049631843
dimwishlist:item=2147010335&perks=1482024992,106909392,3643424744,1683379515
dimwishlist:item=2147010335&perks=3250034553,106909392,3643424744,1683379515
dimwishlist:item=2147010335&perks=1482024992,1087426260,3643424744,1683379515
dimwishlist:item=2147010335&perks=3250034553,1087426260,3643424744,1683379515
dimwishlist:item=2147010335&perks=1482024992,3142289711,3643424744,1683379515
dimwishlist:item=2147010335&perks=3250034553,3142289711,3643424744,1683379515
dimwishlist:item=2147010335&perks=1482024992,106909392,1354429876,1683379515
dimwishlist:item=2147010335&perks=3250034553,106909392,1354429876,1683379515
dimwishlist:item=2147010335&perks=1482024992,1087426260,1354429876,1683379515
dimwishlist:item=2147010335&perks=3250034553,1087426260,1354429876,1683379515
dimwishlist:item=2147010335&perks=1482024992,3142289711,1354429876,1683379515
dimwishlist:item=2147010335&perks=3250034553,3142289711,1354429876,1683379515
dimwishlist:item=2147010335&perks=1482024992,106909392,2779035018,1683379515
dimwishlist:item=2147010335&perks=3250034553,106909392,2779035018,1683379515
dimwishlist:item=2147010335&perks=1482024992,1087426260,2779035018,1683379515
dimwishlist:item=2147010335&perks=3250034553,1087426260,2779035018,1683379515
dimwishlist:item=2147010335&perks=1482024992,3142289711,2779035018,1683379515
dimwishlist:item=2147010335&perks=3250034553,3142289711,2779035018,1683379515
dimwishlist:item=2147010335&perks=1482024992,106909392,3643424744,4082225868
dimwishlist:item=2147010335&perks=3250034553,106909392,3643424744,4082225868
dimwishlist:item=2147010335&perks=1482024992,1087426260,3643424744,4082225868
dimwishlist:item=2147010335&perks=3250034553,1087426260,3643424744,4082225868
dimwishlist:item=2147010335&perks=1482024992,3142289711,3643424744,4082225868
dimwishlist:item=2147010335&perks=3250034553,3142289711,3643424744,4082225868
dimwishlist:item=2147010335&perks=1482024992,106909392,1354429876,4082225868
dimwishlist:item=2147010335&perks=3250034553,106909392,1354429876,4082225868
dimwishlist:item=2147010335&perks=1482024992,1087426260,1354429876,4082225868
dimwishlist:item=2147010335&perks=3250034553,1087426260,1354429876,4082225868
dimwishlist:item=2147010335&perks=1482024992,3142289711,1354429876,4082225868
dimwishlist:item=2147010335&perks=3250034553,3142289711,1354429876,4082225868
dimwishlist:item=2147010335&perks=1482024992,106909392,2779035018,4082225868
dimwishlist:item=2147010335&perks=3250034553,106909392,2779035018,4082225868
dimwishlist:item=2147010335&perks=1482024992,1087426260,2779035018,4082225868
dimwishlist:item=2147010335&perks=3250034553,1087426260,2779035018,4082225868
dimwishlist:item=2147010335&perks=1482024992,3142289711,2779035018,4082225868
dimwishlist:item=2147010335&perks=3250034553,3142289711,2779035018,4082225868


// The Palindrome
dimwishlist:item=432476743&perks=1482024992,1087426260,3643424744,4049631843
dimwishlist:item=432476743&perks=4090651448,1087426260,3643424744,4049631843
dimwishlist:item=432476743&perks=3250034553,1087426260,3643424744,4049631843
dimwishlist:item=432476743&perks=1840239774,1087426260,3643424744,4049631843
dimwishlist:item=432476743&perks=1482024992,1885400500,3643424744,4049631843
dimwishlist:item=432476743&perks=4090651448,1885400500,3643424744,4049631843
dimwishlist:item=432476743&perks=3250034553,1885400500,3643424744,4049631843
dimwishlist:item=432476743&perks=1840239774,1885400500,3643424744,4049631843
dimwishlist:item=432476743&perks=1482024992,679225683,3643424744,4049631843
dimwishlist:item=432476743&perks=4090651448,679225683,3643424744,4049631843
dimwishlist:item=432476743&perks=3250034553,679225683,3643424744,4049631843
dimwishlist:item=432476743&perks=1840239774,679225683,3643424744,4049631843
dimwishlist:item=432476743&perks=1482024992,1087426260,1168162263,4049631843
dimwishlist:item=432476743&perks=4090651448,1087426260,1168162263,4049631843
dimwishlist:item=432476743&perks=3250034553,1087426260,1168162263,4049631843
dimwishlist:item=432476743&perks=1840239774,1087426260,1168162263,4049631843
dimwishlist:item=432476743&perks=1482024992,1885400500,1168162263,4049631843
dimwishlist:item=432476743&perks=4090651448,1885400500,1168162263,4049631843
dimwishlist:item=432476743&perks=3250034553,1885400500,1168162263,4049631843
dimwishlist:item=432476743&perks=1840239774,1885400500,1168162263,4049631843
dimwishlist:item=432476743&perks=1482024992,679225683,1168162263,4049631843
dimwishlist:item=432476743&perks=4090651448,679225683,1168162263,4049631843
dimwishlist:item=432476743&perks=3250034553,679225683,1168162263,4049631843
dimwishlist:item=432476743&perks=1840239774,679225683,1168162263,4049631843
dimwishlist:item=432476743&perks=1482024992,1087426260,3643424744,2213355989
dimwishlist:item=432476743&perks=4090651448,1087426260,3643424744,2213355989
dimwishlist:item=432476743&perks=3250034553,1087426260,3643424744,2213355989
dimwishlist:item=432476743&perks=1840239774,1087426260,3643424744,2213355989
dimwishlist:item=432476743&perks=1482024992,1885400500,3643424744,2213355989
dimwishlist:item=432476743&perks=4090651448,1885400500,3643424744,2213355989
dimwishlist:item=432476743&perks=3250034553,1885400500,3643424744,2213355989
dimwishlist:item=432476743&perks=1840239774,1885400500,3643424744,2213355989
dimwishlist:item=432476743&perks=1482024992,679225683,3643424744,2213355989
dimwishlist:item=432476743&perks=4090651448,679225683,3643424744,2213355989
dimwishlist:item=432476743&perks=3250034553,679225683,3643424744,2213355989
dimwishlist:item=432476743&perks=1840239774,679225683,3643424744,2213355989
dimwishlist:item=432476743&perks=1482024992,1087426260,1168162263,2213355989
dimwishlist:item=432476743&perks=4090651448,1087426260,1168162263,2213355989
dimwishlist:item=432476743&perks=3250034553,1087426260,1168162263,2213355989
dimwishlist:item=432476743&perks=1840239774,1087426260,1168162263,2213355989
dimwishlist:item=432476743&perks=1482024992,1885400500,1168162263,2213355989
dimwishlist:item=432476743&perks=4090651448,1885400500,1168162263,2213355989
dimwishlist:item=432476743&perks=3250034553,1885400500,1168162263,2213355989
dimwishlist:item=432476743&perks=1840239774,1885400500,1168162263,2213355989
dimwishlist:item=432476743&perks=1482024992,679225683,1168162263,2213355989
dimwishlist:item=432476743&perks=4090651448,679225683,1168162263,2213355989
dimwishlist:item=432476743&perks=3250034553,679225683,1168162263,2213355989
dimwishlist:item=432476743&perks=1840239774,679225683,1168162263,2213355989
dimwishlist:item=432476743&perks=1482024992,1087426260,3643424744,2846385770
dimwishlist:item=432476743&perks=4090651448,1087426260,3643424744,2846385770
dimwishlist:item=432476743&perks=3250034553,1087426260,3643424744,2846385770
dimwishlist:item=432476743&perks=1840239774,1087426260,3643424744,2846385770
dimwishlist:item=432476743&perks=1482024992,1885400500,3643424744,2846385770
dimwishlist:item=432476743&perks=4090651448,1885400500,3643424744,2846385770
dimwishlist:item=432476743&perks=3250034553,1885400500,3643424744,2846385770
dimwishlist:item=432476743&perks=1840239774,1885400500,3643424744,2846385770
dimwishlist:item=432476743&perks=1482024992,679225683,3643424744,2846385770
dimwishlist:item=432476743&perks=4090651448,679225683,3643424744,2846385770
dimwishlist:item=432476743&perks=3250034553,679225683,3643424744,2846385770
dimwishlist:item=432476743&perks=1840239774,679225683,3643424744,2846385770
dimwishlist:item=432476743&perks=1482024992,1087426260,1168162263,2846385770
dimwishlist:item=432476743&perks=4090651448,1087426260,1168162263,2846385770
dimwishlist:item=432476743&perks=3250034553,1087426260,1168162263,2846385770
dimwishlist:item=432476743&perks=1840239774,1087426260,1168162263,2846385770
dimwishlist:item=432476743&perks=1482024992,1885400500,1168162263,2846385770
dimwishlist:item=432476743&perks=4090651448,1885400500,1168162263,2846385770
dimwishlist:item=432476743&perks=3250034553,1885400500,1168162263,2846385770
dimwishlist:item=432476743&perks=1840239774,1885400500,1168162263,2846385770
dimwishlist:item=432476743&perks=1482024992,679225683,1168162263,2846385770
dimwishlist:item=432476743&perks=4090651448,679225683,1168162263,2846385770
dimwishlist:item=432476743&perks=3250034553,679225683,1168162263,2846385770
dimwishlist:item=432476743&perks=1840239774,679225683,1168162263,2846385770




